%% MUSIC: Fur Elise
%% --------------------------------------------------
% A. Notes to play
% B. Duration of each note: 8,4,2,1= 1/8,1/4,1/2,1
% C. Relative amplitude of each note
% D. TD is the time duration of one whole note in secs
nf=[...
E2 D2s E2 D2s E2 B2 D2 C2  A2 R C E A2   B2 R E Gs B2  C2 ...
E2 D2s E2 D2s E2 B2 D2 C2  A2 R C E A2   B2 R E C2 B2  A2 R B2 C2 D2 ...
E2 R G F2 E2               D2 R F E2 D2  C2 R E D2 C2 ...
B2 E2 D2s E2 D2s E2 B2 D2 C2  A2 R C E A2 ...
B2 R E Gs B2  C2  E2 D2s E2 D2s E2 B2 D2 C2  A2 R C E A2  B2 R E C2 B2 A2];
                                       
nd=[8 8 8 8 8 8 8 8  2 8 8 8 8  2 8 8 8 8  1  8 8 8 8 8 8 8 8  2 8 8 8 8  2 8 8 8 8  2 8 8 8 8  2 8 8 8 8  2 8 8 8 8  2 8 8 8 8  1  8 8 8 8 8 8 8 8  2 8 8 8 8  2 8 8 8 8  1 8 8 8 8 8 8 8 8  2 8 8 8 8  2 8 8 8 8  1];
na=[1 1 1 1 1 1 1 1  1 1 1 1 1  1 1 1 1 1  1  1 1 1 1 1 1 1 1  1 1 1 1 1  1 1 1 1 1  1  1 1 1 1  1 1 1 1 1  1 1 1 1 1  1 1 1 1 1  1  1 1 1 1 1 1 1 1  1 1 1 1 1  1 1 1 1 1 1 1 1 1 1 1 1 1 1  1 1 1 1 1  1 1 1 1 1 1];
TD=1.5;  
%% --------------------------------------------------

